+36304565774
+36306350016
+36305663853
+36302225418
+36305784589
+36304023457
+36305924263
+36305687855
+36302741343
+36306173757
+36302730235
+36302960708
+36304969296
+36305890643
+36301796786
+36307193082
+36302294647
+36301842107
+36302104865
+36302926543
+36307203318
+36307126778
+36307516827
+36305908722
+36304147264
+36305891253
+36303563898
+36303273586
+36309998011
+36308742302
+36305985256
+36300844489
+36302039781
+36305760707
+36309148569
+36303008099
+36301732160
+36304844426
+36302879916
+36303939360
+36302243317
+36308459920
+36303955297
+36309635357
+36307771746
+36302232908
+36302886587
+36304154510
+36303495911
+36305173093
+36307996099
+36304854150
+36306091477
+36304233820
+36303756961
+36300840402
+36302373632
+36308645476
+36306747327
+36303669375
+36301458472
+36305533432
+36303304723
+36304843686
+36309861755
+36305505806
+36306986867
+36302947831
+36304486252
+36305690059
+36301724766
+36308209912
+36307470230
+36305518550
+36304971508
+36302837154
+36309638140
+36305075823
+36304693424
+36301678207
+36307237893
+36303203017
+36306770711
+36308922033
+36306299464
+36303706006
+36302370566
+36309150571
+36304609818
+36301459521
+36309960649
+36301804698
+36308664381
+36303428565
+36306888701
+36302241764
+36303481719
+36304501830
+36306109506
+36302755873
+36308278535
+36302702552
+36309443080
+36303117858
+36303081369
+36304808244
+36305788131
+36306952622
+36309319369
+36309571747
+36306107745
+36305435012
+36305721080
+36309710816
+36305650430
+36306304266
+36309443007
+36304831033
+36307768199
+36305849392
+36301452010
+36306908869
+36307913772
+36304191996
+36309117272
+36302900223
+36304140273
+36302799693
+36307244789
+36306037879
+36303490202
+36303476201
+36309060540
+36307934533
+36309007811
+36301866812
+36304814493
+36306646079
+36300839580
+36308285550
+36303740263
+36307272296
+36306651108
+36302076516
+36304008418
+36307336114
+36305343131
+36303867014
+36303125275
+36308622174
+36308703378
+36306488291
+36307998907
+36305140052
+36302786765
+36309784787
+36304443464
+36305785744
+36308444647
+36307388228
+36309538333
+36309946506
+36301734928
+36303825736
+36309388489
+36303322094
+36308662133
+36300953403
+36302681248
+36305937980
+36303368770
+36302977119
+36309058873
+36309100335
+36305954223
+36301761808
+36308541811
+36303950194
+36306026571
+36309303604
+36306371710
+36306706536
+36307311762
+36307794725
+36309350081
+36308311703
+36303707179
+36307367094
+36305360399
+36307569382
+36308110081
+36305432555
+36307344358
+36306331386
+36304955560
+36309040289
+36305872177
+36307186786
+36306261879
+36309717318
+36303280125
+36303922707
+36301339972
+36306501918
+36307449530
+36307141142
+36304031551
+36309362884
+36301136265
+36302408742
+36303415961
+36304640148
+36307388520
+36307504308
+36300823047
+36308595895
+36308448292
+36306380832
+36308292710
+36304252699
+36304906932
+36308586088
+36305511405
+36302013048
+36309970186
+36303860862
+36304433000
+36307841800
+36306463768
+36309703627
+36309019341
+36301213380
+36304660518
+36302444021
+36308200562
+36305801122
+36308956271
+36303269197
+36304390960
+36302741023
+36307302718
+36304347012
+36302720012
+36303589078
+36303154941
+36304087075
+36305784650
+36303898204
+36306388565
+36301245077
+36304433910
+36305388195
+36302301705
+36304544678
+36305624749
+36308231319
+36308707804
+36302411269
+36303376099
+36301634304
+36306894625
+36307928942
+36308694360
+36301734969
+36302850499
+36309065147
+36306519199
+36302738391
+36302798694
+36308277793
+36307684070
+36304778743
+36306852858
+36303617191
+36305425156
+36304553512
+36307308074
+36300102236
+36309460890
+36308429006
+36303976285
+36302958808
+36301885705
+36302122145
+36302552737
+36309554253
+36307021186
+36302568796
+36305966096
+36305762325
+36303341362
+36309001329
+36304383264
+36304487609
+36309783321
+36308815661
+36307243322
+36302921217
+36301945494
+36300724725
+36305066240
+36308393354
+36302291614
+36305771737
+36302933863
+36301935454
+36308393443
+36302710965
+36301783226
+36304727977
+36305065553
+36306238562
+36305433526
+36302951665
+36304699112
+36304455311
+36304834504
+36308616782
+36305117792
+36302757686
+36307357469
+36303054480
+36309115190
+36306541646
+36303472226
+36303998261
+36306410805
+36302798377
+36305052230
+36304025447
+36302049696
+36307160511
+36304991987
+36307181155
+36307246786
+36303513823
+36304019299
+36303520041
+36304688501
+36306761796
+36303573709
+36309226826
+36305392105
+36307980384
+36309467322
+36305604330
+36301535967
+36307602729
+36305939395
+36305006886
+36309776536
+36301604966
+36308982844
+36306127760
+36305544577
+36302799876
+36305787384
+36306589278
+36308291644
+36303613955
+36305080211
+36309818291
+36303624301
+36304877401
+36302520993
+36306914160
+36309049807
+36305109929
+36306343140
+36305786766
+36304435009
+36307365444
+36306521640
+36305242778
+36303634472
+36303470790
+36305436053
+36302249187
+36306744761
+36302443118
+36306443101
+36301522623
+36302982295
+36303722805
+36304747808
+36302303845
+36305750022
+36308613642
+36304185409
+36308254030
+36305804218
+36304763780
+36308920964
+36301087620
+36306495509
+36306885335
+36306679363
+36309484636
+36308328552
+36305554335
+36306002085
+36302397518
+36302743722
+36304320604
+36306514874
+36307696536
+36301642624
+36301583981
+36305701414
+36306492486
+36304186619
+36303418824
+36304520927
+36303667469
+36303939495
+36302308646
+36308918865
+36308803020
+36302477373
+36302862292
+36301523051
+36304521592
+36308294105
+36302588580
+36305564147
+36302598689
+36303607028
+36306779135
+36309738102
+36305415701
+36306830898
+36306253399
+36301660219
+36302045567
+36305028709
+36309865318
+36304032165
+36305038360
+36308817722
+36300124058
+36304721591
+36304792139
+36303196298
+36303894792
+36302269700
+36302834446
+36308546337
+36308125031
+36304965711
+36308454885
+36305251244
+36308377148
+36309882108
+36308899350
+36306772173
+36302221945
+36309609585
+36302780638
+36303302950
+36301716371
+36309255774
+36303623182
+36303283978
+36302936480
+36305248480
+36301970974
+36307852181
+36308222806
+36304651492
+36308229969
+36302658712
+36308477619
+36304994598
+36300114476
+36301377087
+36301967317
+36305469750
+36305479904
+36301814002
+36306008302
+36307006681
+36305439737
+36309236278
+36309224497
+36306604024
+36304480457
+36307686461
+36306614668
+36304470517
+36305874464
+36303783463
+36302702283
+36300135838
+36304384335
+36304251219
+36303903311
+36305079125
+36301796352
+36303300812
+36305999424
+36304815402
+36302402924
+36307800592
+36304780112
+36305677530
+36304696415
+36308142230
+36305569565
+36305681893
+36304727420
+36301029292
+36304109396
+36308371352
+36309790862
+36307564483
+36307580471
+36307419004
+36306783761
+36300184355
+36302316746
+36303171160
+36303415736
+36303364168
+36307098736
+36302891096
+36307262774
+36302073578
+36309083015
+36308661803
+36304396393
+36306422341
+36305886534
+36305910133
+36307873027
+36302111085
+36305797895
+36301948856
+36302346205
+36304171154
+36307503312
+36306171186
+36302571908
+36305877124
+36302819235
+36305719432
+36306393392
+36302165077
+36302449228
+36306757040
+36303630086
+36303274745
+36303997538
+36306962876
+36305415427
+36302692866
+36306019146
+36308763828
+36305024890
+36309290899
+36309523038
+36304373827
+36304693321
+36304906720
+36305703527
+36301945787
+36302249750
+36302106778
+36306543379
+36309241655
+36303063563
+36301793339
+36301826975
+36308751844
+36307337559
+36309709069
+36306677835
+36305304471
+36304256326
+36302676639
+36308275412
+36304675424
+36309997811
+36307172569
+36304847715
+36303895949
+36309500764
+36309195015
+36307584098
+36300133413
+36306358697
+36302104511
+36309277329
+36302745457
+36306200750
+36306179697
+36304881220
+36301287319
+36300937090
+36305300123
+36305674538
+36302613270
+36305420084
+36306506650
+36306378878
+36307925830
+36302491542
+36308198515
+36305916126
+36305955158
+36309519352
+36302624543
+36305251536
+36306355553
+36305365361
+36308514344
+36303652033
+36302478557
+36303325628
+36305709631
+36308687677
+36308791996
+36301027396
+36305628318
+36304641590
+36307922787
+36302150165
+36304203885
+36307467831
+36302213272
+36305643205
+36307120968
+36309487602
+36304337186
+36303982228
+36305407085
+36309827046
+36308245499
+36303709289
+36308242154
+36302817434
+36306752333
+36304593135
+36309871326
+36304710922
+36307777696
+36307841252
+36301602801
+36301439659
+36306325236
+36303627181
+36302094458
+36307256767
+36306435052
+36307898385
+36309850174
+36306966955
+36301542499
+36307802962
+36302953893
+36301855451
+36304494481
+36302193239
+36305086939
+36303112852
+36304490143
+36304289696
+36304956347
+36306548925
+36306671565
+36303167178
+36304021980
+36309827164
+36306523550
+36304862411
+36301841964
+36303379377
+36305676150
+36306674548
+36302378303
+36308244840
+36305434481
+36307374130
+36309202082
+36302650262
+36308808359
+36303145067
+36308148004
+36308226728
+36307472394
+36305777845
+36307257820
+36300801586
+36306104172
+36303611505
+36302614919
+36305989310
+36306408844
+36308667558
+36304665940
+36300827655
+36301115177
+36309824818
+36306901467
+36303503043
+36307520812
+36307273556
+36306764385
+36304449810
+36303843439
+36301119247
+36304617359
+36302015145
+36304370379
+36305302203
+36305222353
+36307314119
+36309607457
+36309457794
+36305996562
+36306559893
+36305925570
+36301966188
+36309842793
+36307678507
+36309680171
+36302945851
+36309557838
+36300956672
+36308143680
+36302283765
+36303339875
+36303239526
+36306820278
+36305791379
+36301265670
+36303698066
+36307918164
+36303372269
+36305435714
+36303619440
+36303696934
+36304807250
+36306286335
+36303682441
+36309997821
+36306479805
+36304523595
+36302482098
+36309725038
+36304774147
+36301607934
+36302294196
+36301900617
+36306637871
+36302713588
+36302014905
+36307912127
+36308116627
+36308125667
+36301306204
+36309785165
+36303142962
+36309628848
+36306940042
+36309012471
+36304117651
+36304567954
+36306578771
+36305569211
+36303983485
+36300165033
+36307778570
+36307513734
+36305653533
+36307793844
+36300129411
+36308388594
+36307004686
+36309303771
+36308780236
+36304716734
+36301618259
+36308260562
+36303743040
+36305282448
+36305370204
+36303678881
+36304427024
+36303194208
+36305448913
+36302004507
+36301775271
+36304640203
+36305833088
+36302362073
+36306926715
+36309861895
+36308320939
+36305725202
+36307475988
+36304715745
+36305114876
+36308422235
+36304840334
+36302177599
+36308297166
+36307697881
+36305608322
+36306793704
+36308302773
+36307024778
+36306123924
+36304225670
+36308190011
+36301724041
+36302131142
+36303242334
+36302870354
+36307197002
+36308662022
+36309718023
+36309071470
+36308173604
+36307256566
+36302652594
+36305648933
+36302650511
+36307009056
+36303025817
+36304468672
+36301837782
+36304926373
+36305016850
+36302071577
+36305709572
+36301952820
+36308859758
+36307768468
+36305991465
+36308144702
+36303370214
+36306408268
+36302214246
+36304950895
+36306913156
+36302015574
+36307908045
+36305386166
+36303129611
+36309148272
+36303053216
+36307873045
+36308154943
+36302780064
+36304630685
+36301485581
+36307801826
+36301754731
+36305854190
+36301949870
+36302997243
+36306891699
+36305429181
+36302507887
+36304655891
+36303908936
+36308772826
+36308699630
+36305070867
+36304566283
+36306007580
+36305987722
+36302903050
+36305085178
+36304340929
+36300888036
+36307233127
+36307199426
+36309846484
+36308874747
+36302690305
+36306928842
+36309849622
+36304462040
+36303246757
+36303478868
+36303930776
+36303742454
+36301820353
+36302012079
+36307324466
+36302227613
+36302814774
+36302271399
+36301625695
+36308193727
+36302645895
+36302388350
+36302379785
+36305199823
+36309950790
+36300724544
+36304763746
+36304375707
+36309633075
+36303917073
+36304410624
+36309602594
+36307314060
+36302400656
+36301390458
+36305525433
+36306388398
+36302172409
+36307247542
+36303974673
+36306015783
+36305640482
+36309602671
+36309115381
+36304698921
+36308263299
+36306764411
+36305208812
+36303264825
+36307412365
+36303941410
+36303533185
+36303896299
+36306384100
+36301590242
+36307325142
+36306443341
+36306541391
+36306927403
+36308861610
+36309108936
+36303062715
+36304758188
+36303521438
+36300185020
+36305843576
+36305658717
+36304469069
+36308976616
+36303812169
+36305136396
+36304387325
+36306650890
+36301997089
+36305624385
+36305724704
+36305294235
+36300754806
+36306294298
+36303232799
+36306187180
+36303972710
+36307369963
+36305338638
+36304891968
+36300720028
+36301626050
+36307911177
+36309751144
+36304806182
+36304257325
+36306423175
+36303558472
+36303631341
+36302576215
+36306300119
+36304210590
+36304665426
+36303436218
+36305311923
+36305261748
+36304659975
+36302953002
+36305537898
+36303117679
+36304110076
+36305526881
+36303060362
+36308511044
+36302162268
+36304456049
+36303016245
+36309905527
+36308646762
+36304880096
+36305118515
+36300190893
+36304995287
+36309223715
+36306914172
+36306555213
+36300974177
+36301602758